s_min: 13.156 (+3.91, -3.638) mu 
dfrac: 0.03336 (+0.00302, -0.00398) MEarth 
q: 3.594 (+0.09, -0.089) [-] 
rmean: 124.565 (+7.25, -16.031) au 
rwidth: 48.767 (+7.94, -11.582) au 
