s_min: 8.616 (+1.06, -1.129) mu 
dfrac: 0.06068 (+0.00386, -0.00385) MEarth 
q: 3.809 (+0.05, -0.048) [-] 
