s_min: 8.845 (+1.63, -1.347) mu 
dfrac: 0.05580 (+0.00504, -0.00691) MEarth 
q: 3.765 (+0.06, -0.059) [-] 
rmean: 122.443 (+8.74, -12.640) au 
rwidth: 48.262 (+8.42, -9.980) au 
