s_min: 8.755 (+0.88, -1.434) mu 
dfrac: 0.00487 (+0.00047, -0.00049) MEarth 
q: 3.818 (+0.07, -0.083) [-] 
rmean: 131.028 (+8.53, -6.172) au 
rwidth: 52.239 (+5.18, -7.041) au 
