s_min: 7.082 (+2.09, -2.589) mu 
dfrac: 0.00305 (+0.00055, -0.00040) MEarth 
q: 3.530 (+0.06, -0.072) [-] 
rmean: 129.012 (+13.61, -15.920) au 
rwidth: 47.403 (+7.36, -11.054) au 
