s_min: 8.092 (+1.76, -1.710) mu 
dfrac: 0.00587 (+0.00233, -0.00156) MEarth 
q: 3.913 (+0.07, -0.135) [-] 
rmean: 164.407 (+64.56, -46.831) au 
rwidth: 71.069 (+33.57, -25.093) au 
