s_min: 11.733 (+4.36, -4.083) mu 
dfrac: 0.00322 (+0.00047, -0.00042) MEarth 
q: 3.688 (+0.08, -0.085) [-] 
rmean: 168.755 (+21.66, -31.658) au 
rwidth: 93.232 (+20.60, -25.457) au 
