s_min: 7.902 (+1.57, -2.500) mu 
dfrac: 0.00321 (+0.00035, -0.00037) MEarth 
q: 3.571 (+0.06, -0.067) [-] 
rmean: 142.233 (+10.17, -16.240) au 
rwidth: 54.207 (+4.42, -10.754) au 
