s_min: 9.412 (+2.55, -3.457) mu 
dfrac: 0.00338 (+0.00046, -0.00039) MEarth 
q: 3.652 (+0.07, -0.090) [-] 
rmean: 171.670 (+19.33, -24.248) au 
rwidth: 92.222 (+22.76, -21.758) au 
