s_min: 12.174 (+3.40, -4.012) mu 
dfrac: 0.00335 (+0.00058, -0.00045) MEarth 
q: 3.711 (+0.09, -0.090) [-] 
rmean: 183.197 (+47.51, -37.736) au 
rwidth: 109.122 (+15.84, -32.176) au 
