s_min: 7.282 (+1.75, -1.267) mu 
dfrac: 0.00433 (+0.00097, -0.00068) MEarthq: 3.695 (+0.07, -0.072) [-]rmean: 94.005 (+29.85, -25.872) aurwidth: 41.202 (+13.57, -22.191) au