s_min: 8.195 (+1.14, -1.901) mu 
dfrac: 0.00489 (+0.00089, -0.00063) MEarth 
q: 3.782 (+0.06, -0.104) [-] 
rmean: 128.574 (+13.03, -20.926) au 
rwidth: 49.378 (+7.18, -16.233) au 
