s_min: 7.643 (+1.36, -1.406) mu 
dfrac: 0.00489 (+0.00092, -0.00068) MEarth 
q: 3.768 (+0.06, -0.079) [-] 
rmean: 126.360 (+15.55, -21.212) au 
rwidth: 45.769 (+8.95, -16.723) au 
