s_min: 7.110 (+2.06, -2.367) mu 
dfrac: 0.00321 (+0.00045, -0.00042) MEarth 
q: 3.548 (+0.06, -0.060) [-] 
rmean: 140.805 (+10.95, -14.596) au 
rwidth: 52.620 (+5.52, -9.416) au 
