s_min: 10.579 (+4.49, -4.953) mu 
dfrac: 0.00352 (+0.00066, -0.00042) MEarth 
q: 3.709 (+0.11, -0.105) [-] 
rmean: 231.365 (+51.31, -53.446) au 
rwidth: 139.853 (+32.51, -34.757) au 
