s_min: 8.297 (+1.13, -2.843) mu 
dfrac: 0.00328 (+0.00037, -0.00038) MEarth 
q: 3.600 (+0.05, -0.082) [-] 
rmean: 151.691 (+12.82, -17.662) au 
rwidth: 61.306 (+9.64, -9.035) au 
