s_min: 5.732 (+3.16, -4.513) mu 
dfrac: 0.00322 (+0.00153, -0.00050) MEarth 
q: 3.506 (+0.06, -0.099) [-] 
rmean: 125.767 (+12.62, -18.608) au 
rwidth: 44.355 (+8.68, -14.424) au 
