s_min: 5.290 (+0.60, -0.484) mu 
dfrac: 0.07897 (+0.00581, -0.00578) MEarth 
q: 3.777 (+0.04, -0.037) [-] 
