s_min: 5.641 (+0.76, -0.542) mu 
dfrac: 0.07762 (+0.00557, -0.00576) MEarth 
q: 3.797 (+0.04, -0.038) [-] 
