s_min: 4.221 (+0.41, -0.443) mu 
dfrac: 0.08426 (+0.00561, -0.00601) MEarth 
q: 3.733 (+0.04, -0.045) [-] 
