s_min: 7.312 (+4.17, -3.945) mu 
dfrac: 0.04369 (+0.00786, -0.00390) MEarth 
q: 3.590 (+0.09, -0.082) [-] 
