s_min: 4.204 (+0.43, -0.436) mu 
dfrac: 0.08353 (+0.00482, -0.00506) MEarth 
q: 3.736 (+0.04, -0.039) [-] 
